0;520,14,944;492;50000
1;373,59,850;427;50000
2;609,935,500;681;50000
3;229,921,696;615;50000
4;291,681,170;380;50000
5;712,994,552;752;50000
6;605,437,985;675;50000
7;577,633,668;626;50000
8;325,327,858;503;50000
9;612,912,916;813;50000
10;85,826,932;614;50000
11;159,242,122;174;50000
12;671,64,360;365;50000
13;901,823,176;633;50000
14;388,794,499;560;50000
15;126,294,784;401;50000
16;885,402,233;506;50000
17;411,446,155;337;50000
18;586,139,239;321;50000
19;962,228,130;440;50000
20;634,816,122;524;50000
21;442,379,366;395;50000
22;31,53,989;357;50000
23;575,383,789;582;50000
24;676,199,900;591;50000
25;894,323,311;509;50000
26;771,826,429;675;50000
27;860,509,660;676;50000
28;721,747,796;754;50000
29;601,141,547;429;50000
30;599,898,447;648;50000
31;228,161,637;342;50000
32;184,554,56;264;50000
33;183,774,632;529;50000
34;48,185,105;112;50000
35;804,387,945;712;50000
36;857,391,164;470;50000
37;889,605,828;774;50000
38;91,526,523;380;50000
39;666,121,386;391;50000
40;784,512,572;622;50000
41;887,925,21;611;50000
42;331,277,907;505;50000
43;666,281,540;495;50000
44;116,399,142;219;50000
45;197,29,274;166;50000
46;343,659,678;560;50000
47;269,434,865;522;50000
48;784,618,601;667;50000
49;913,614,390;639;50000
50;921,777,486;728;50000
51;346,315,770;477;50000
52;584,53,708;448;50000
53;582,969,54;535;50000
54;24,477,610;370;50000
55;647,382,849;626;50000
56;228,287,668;394;50000
57;357,404,37;266;50000
58;779,287,890;652;50000
59;88,357,5;150;50000
60;844,425,159;476;50000
61;457,627,609;564;50000
62;247,186,364;265;50000
63;697,584,413;564;50000
64;660,974,411;681;50000
65;444,451,279;391;50000
66;38,597,289;308;50000
67;340,143,82;188;50000
68;871,278,919;689;50000
69;908,203,97;402;50000
70;880,479,743;700;50000
71;283,670,405;452;50000
72;97,565,275;312;50000
73;640,922,563;708;50000
74;892,689,666;749;50000
75;8,102,461;190;50000
76;604,461,841;635;50000
77;599,92,108;266;50000
78;931,437,526;631;50000
79;191,364,553;369;50000
80;884,72,613;523;50000
81;275,867,209;450;50000
82;664,269,345;426;50000
83;264,578,436;426;50000
84;357,840,1;399;50000
85;555,533,1;363;50000
86;212,767,685;554;50000
87;317,89,146;184;50000
88;507,906,825;746;50000
89;873,949,163;661;50000
90;56,763,798;539;50000
91;390,995,4;463;50000
92;362,671,946;659;50000
93;666,245,838;583;50000
94;83,172,44;99;50000
95;775,354,455;528;50000
96;310,290,717;439;50000
97;344,131,789;421;50000
98;48,279,445;257;50000
99;486,78,210;258;50000
100;365,987,42;464;50000
101;664,322,804;596;50000
102;866,4,779;549;50000
103;781,273,757;603;50000
104;842,647,280;589;50000
105;771,804,544;706;50000
106;612,21,458;363;50000
107;552,992,195;579;50000
108;327,339,608;424;50000
109;52,318,287;219;50000
110;722,437,637;598;50000
111;482,166,119;255;50000
112;722,693,162;525;50000
113;341,333,870;514;50000
114;795,185,936;638;50000
115;698,408,17;374;50000
116;514,772,988;758;50000
117;776,284,274;444;50000
118;641,750,972;787;50000
119;568,103,422;364;50000
120;258,522,586;455;50000
121;352,586,110;349;50000
122;534,178,447;386;50000
123;396,208,773;459;50000
124;197,748,960;635;50000
125;541,711,847;699;50000
126;30,490,240;253;50000
127;42,27,651;240;50000
128;944,690,130;588;50000
129;36,348,483;289;50000
130;496,396,524;472;50000
131;297,672,991;653;50000
132;509,185,777;490;50000
133;866,793,473;710;50000
134;147,318,484;316;50000
135;336,542,214;364;50000
136;268,492,441;400;50000
137;953,826,797;858;50000
138;618,778,409;601;50000
139;230,313,175;239;50000
140;1,208,492;233;50000
141;456,814,627;632;50000
142;967,307,563;612;50000
143;544,886,730;720;50000
144;371,760,950;693;50000
145;853,85,197;378;50000
146;109,306,233;216;50000
147;991,893,32;638;50000
148;636,2,125;254;50000
149;989,381,781;717;50000
150;418,168,785;457;50000
151;86,488,941;505;50000
152;621,310,343;424;50000
153;503,65,322;296;50000
154;292,383,912;529;50000
155;127,115,423;221;50000
156;30,824,604;486;50000
157;860,238,917;671;50000
158;417,20,260;232;50000
159;6,620,478;368;50000
160;717,298,75;363;50000
161;783,872,661;772;50000
162;733,738,717;729;50000
163;964,385,426;591;50000
164;475,433,189;365;50000
165;883,17,700;533;50000
166;625,525,366;505;50000
167;286,217,708;403;50000
168;470,684,585;579;50000
169;949,366,496;603;50000
170;749,445,753;649;50000
171;524,764,978;755;50000
172;643,810,929;794;50000
173;78,149,692;306;50000
174;498,164,365;342;50000
175;672,532,876;693;50000
176;803,41,857;567;50000
177;535,843,139;505;50000
178;555,369,10;311;50000
179;902,977,829;902;50000
180;268,553,802;541;50000
181;713,766,219;566;50000
182;887,21,329;412;50000
183;956,695,308;653;50000
184;60,61,451;190;50000
185;653,215,873;580;50000
186;22,429,374;275;50000
187;433,109,606;382;50000
188;17,192,437;215;50000
189;93,946,13;350;50000
190;112,502,166;260;50000
191;79,272,741;364;50000
192;619,619,932;723;50000
193;547,371,894;604;50000
194;319,623,877;606;50000
195;874,313,122;436;50000
196;760,203,548;503;50000
197;247,550,377;391;50000
198;456,533,836;608;50000
199;707,860,661;742;50000
200;989,603,295;629;50000
201;14,701,599;438;50000
202;543,599,680;607;50000
203;144,993,274;470;50000
204;790,138,485;471;50000
205;104,530,373;335;50000
206;853,254,549;552;50000
207;979,317,611;635;50000
208;155,178,756;363;50000
209;749,458,473;560;50000
210;779,640,778;732;50000
211;701,5,339;348;50000
212;569,971,716;752;50000
213;110,621,331;354;50000
214;802,722,311;611;50000
215;651,613,4;422;50000
216;168,899,229;432;50000
217;792,464,328;528;50000
218;267,197,932;465;50000
219;584,295,791;556;50000
220;365,3,22;130;50000
221;181,716,73;323;50000
222;317,465,306;362;50000
223;581,66,829;492;50000
224;693,542,583;606;50000
225;391,177,409;325;50000
226;249,486,737;490;50000
227;300,299,207;268;50000
228;108,143,535;262;50000
229;393,581,982;652;50000
230;362,815,916;697;50000
231;678,53,775;502;50000
232;695,975,121;597;50000
233;739,802,474;671;50000
234;357,130,150;212;50000
235;548,420,236;401;50000
236;755,57,26;279;50000
237;814,201,592;535;50000
238;868,581,724;724;50000
239;195,309,316;273;50000
240;765,55,917;579;50000
241;235,776,968;659;50000
242;13,696,108;272;50000
243;246,910,476;544;50000
244;552,206,894;550;50000
245;905,493,974;790;50000
246;602,542,355;499;50000
247;548,28,757;444;50000
248;90,253,568;303;50000
249;110,310,982;467;50000
250;359,274,523;385;50000
251;715,661,411;595;50000
252;75,63,358;165;50000
253;141,525,452;372;50000
254;110,52,170;110;50000
255;355,446,768;523;50000
256;279,885,203;455;50000
257;56,640,43;246;50000
258;934,328,792;684;50000
259;964,215,854;677;50000
260;942,841,413;732;50000
261;586,699,472;585;50000
262;469,241,164;291;50000
263;6,194,231;143;50000
264;864,858,464;728;50000
265;990,698,634;774;50000
266;648,755,692;698;50000
267;195,900,425;506;50000
268;285,561,521;455;50000
269;924,465,701;696;50000
270;8,148,166;107;50000
271;322,678,4;334;50000
272;657,591,422;556;50000
273;25,379,76;160;50000
274;776,358,767;633;50000
275;721,71,239;343;50000
276;541,767,453;587;50000
277;889,883,37;603;50000
278;684,28,516;409;50000
279;939,621,81;547;50000
280;55,554,828;479;50000
281;836,199,747;594;50000
282;82,132,878;364;50000
283;683,845,308;612;50000
284;93,841,876;603;50000
285;92,313,171;192;50000
286;355,72,583;336;50000
287;278,187,93;186;50000
288;751,382,212;448;50000
289;425,892,702;673;50000
290;695,784,541;673;50000
291;343,911,213;489;50000
292;744,949,904;865;50000
293;346,250,36;210;50000
294;998,187,792;659;50000
295;398,13,132;181;50000
296;343,601,970;638;50000
297;984,236,826;682;50000
298;312,41,553;302;50000
299;943,629,212;594;50000
300;501,896,764;720;50000
301;813,557,872;747;50000
302;120,192,436;249;50000
303;663,390,584;545;50000
304;159,250,302;237;50000
305;46,482,652;393;50000
306;429,698,169;432;50000
307;242,910,449;533;50000
308;659,63,299;340;50000
309;927,710,761;799;50000
310;345,835,497;559;50000
311;834,567,99;500;50000
312;761,175,289;408;50000
313;888,823,175;628;50000
314;161,313,913;462;50000
315;986,173,184;447;50000
316;898,866,799;854;50000
317;291,809,576;558;50000
318;823,350,147;440;50000
319;803,262,394;486;50000
320;172,269,85;175;50000
321;582,16,157;251;50000
322;994,167,108;423;50000
323;7,259,704;323;50000
324;780,129,711;540;50000
325;744,215,769;576;50000
326;618,91,501;403;50000
327;448,939,229;538;50000
328;960,76,334;456;50000
329;468,871,394;577;50000
330;785,474,448;569;50000
331;495,22,748;421;50000
332;63,884,855;600;50000
333;300,576,184;353;50000
334;632,960,152;581;50000
335;313,231,623;389;50000
336;382,107,554;347;50000
337;551,430,154;378;50000
338;127,711,221;353;50000
339;236,308,855;466;50000
340;722,67,697;495;50000
341;433,634,604;557;50000
342;959,925,848;910;50000
343;460,802,816;692;50000
344;346,563,380;429;50000
345;315,41,779;378;50000
346;349,846,125;440;50000
347;91,701,143;311;50000
348;540,830,358;576;50000
349;920,515,519;651;50000
350;830,461,447;579;50000
351;760,830,270;620;50000
352;574,316,595;495;50000
353;925,67,453;481;50000
354;460,188,82;243;50000
355;686,34,361;360;50000
356;54,544,472;356;50000
357;907,148,951;668;50000
358;396,994,705;698;50000
359;455,402,487;448;50000
360;407,559,426;464;50000
361;880,414,492;595;50000
362;509,522,127;386;50000
363;28,879,695;534;50000
364;909,457,115;493;50000
365;19,326,520;288;50000
366;955,70,205;410;50000
367;854,869,269;664;50000
368;373,806,229;469;50000
369;87,560,112;253;50000
370;195,311,825;443;50000
371;4,89,200;97;50000
372;569,236,224;343;50000
373;945,359,723;675;50000
374;82,634,58;258;50000
375;525,832,751;702;50000
376;506,737,85;442;50000
377;805,480,506;597;50000
378;525,105,656;428;50000
379;516,80,468;354;50000
380;283,284,812;459;50000
381;935,178,702;605;50000
382;407,402,654;487;50000
383;156,897,696;583;50000
384;253,273,166;230;50000
385;245,994,7;415;50000
386;971,430,522;641;50000
387;93,240,355;229;50000
388;669,264,748;560;50000
389;602,516,329;482;50000
390;867,279,896;680;50000
391;806,440,360;535;50000
392;343,925,815;694;50000
393;392,226,257;291;50000
394;167,286,852;435;50000
395;683,225,122;343;50000
396;30,932,470;477;50000
397;196,804,948;649;50000
398;997,602,570;723;50000
399;360,631,728;573;50000
400;490,659,277;475;50000
401;945,660,380;661;50000
402;535,643,779;652;50000
403;112,852,698;554;50000
404;891,482,788;720;50000
405;583,63,711;452;50000
406;883,951,291;708;50000
407;639,203,619;487;50000
408;371,149,938;486;50000
409;850,682,101;544;50000
410;302,956,380;546;50000
411;602,586,239;475;50000
412;637,130,310;359;50000
413;151,273,275;233;50000
414;697,827,660;728;50000
415;895,913,275;694;50000
416;237,155,236;209;50000
417;842,856,374;690;50000
418;99,584,907;530;50000
419;400,268,423;363;50000
420;80,787,24;297;50000
421;943,980,539;820;50000
422;369,15,930;438;50000
423;838,419,737;664;50000
424;878,463,696;679;50000
425;315,74,906;431;50000
426;527,707,956;730;50000
427;960,753,816;843;50000
428;11,249,766;342;50000
429;61,658,907;542;50000
430;355,507,109;323;50000
431;609,724,314;549;50000
432;778,423,61;420;50000
433;736,276,852;621;50000
434;317,163,349;276;50000
435;50,845,305;400;50000
436;879,769,779;809;50000
437;467,496,126;363;50000
438;226,592,663;493;50000
439;68,972,667;569;50000
440;267,527,674;489;50000
441;57,824,789;556;50000
442;10,406,162;192;50000
443;594,175,24;264;50000
444;55,496,690;413;50000
445;60,554,173;262;50000
446;485,419,819;574;50000
447;271,47,904;407;50000
448;487,232,49;256;50000
449;217,754,380;450;50000
450;588,176,833;532;50000
451;826,302,481;536;50000
452;94,707,879;560;50000
453;125,844,514;494;50000
454;239,934,569;580;50000
455;413,398,533;448;50000
456;946,804,989;913;50000
457;677,291,469;479;50000
458;613,354,530;499;50000
459;282,980,343;535;50000
460;308,736,20;354;50000
461;254,213,242;236;50000
462;628,241,319;396;50000
463;355,75,177;202;50000
464;502,17,981;500;50000
465;367,838,850;685;50000
466;238,968,521;575;50000
467;420,619,586;541;50000
468;805,337,261;467;50000
469;697,696,843;745;50000
470;573,740,95;469;50000
471;920,138,389;482;50000
472;227,453,196;292;50000
473;23,953,418;464;50000
474;755,58,138;317;50000
475;641,424,350;471;50000
476;894,164,13;357;50000
477;146,94,647;295;50000
478;40,307,281;209;50000
479;464,899,223;528;50000
480;150,125,953;409;50000
481;961,597,624;727;50000
482;186,650,941;592;50000
483;773,798,740;770;50000
484;349,36,206;197;50000
485;147,757,452;452;50000
486;999,390,4;464;50000
487;463,134,488;361;50000
488;170,159,465;264;50000
489;794,659,696;716;50000
490;38,33,193;88;50000
491;261,261,239;253;50000
492;394,88,86;189;50000
493;786,502,414;567;50000
494;221,433,700;451;50000
495;823,654,734;737;50000
496;987,824,559;790;50000
497;778,975,24;592;50000
498;818,283,690;597;50000
499;533,518,552;534;50000
500;28,421,588;345;50000
501;944,63,669;558;50000
502;27,509,567;367;50000
503;157,406,134;232;50000
504;166,497,67;243;50000
505;948,346,494;596;50000
506;697,669,86;484;50000
507;77,638,908;541;50000
508;681,22,684;462;50000
509;144,815,800;586;50000
510;743,422,485;550;50000
511;990,452,163;535;50000
512;399,909,925;744;50000
513;308,957,395;553;50000
514;934,292,159;461;50000
515;187,866,457;503;50000
516;27,756,580;454;50000
517;808,293,271;457;50000
518;297,119,980;465;50000
519;444,701,610;585;50000
520;949,475,376;600;50000
521;481,191,36;236;50000
522;474,686,320;493;50000
523;550,67,134;250;50000
524;901,917,293;703;50000
525;860,874,363;699;50000
526;684,996,258;646;50000
527;689,763,21;491;50000
528;430,248,858;512;50000
529;539,153,629;440;50000
530;290,216,377;294;50000
531;724,554,158;478;50000
532;660,179,211;350;50000
533;744,274,171;396;50000
534;399,874,605;626;50000
535;644,794,619;685;50000
536;956,382,123;487;50000
537;152,977,887;672;50000
538;543,411,833;595;50000
539;538,351,263;384;50000
540;106,31,913;350;50000
541;905,803,685;797;50000
542;760,505,320;528;50000
543;106,250,25;127;50000
544;329,750,453;510;50000
545;266,48,880;398;50000
546;270,467,425;387;50000
547;610,651,53;438;50000
548;588,717,230;511;50000
549;284,263,517;354;50000
550;905,395,798;699;50000
551;131,904,495;510;50000
552;224,558,378;386;50000
553;952,653,613;739;50000
554;863,502,273;546;50000
555;380,272,568;406;50000
556;784,897,575;752;50000
557;8,752,710;490;50000
558;483,176,272;310;50000
559;700,425,47;390;50000
560;399,174,418;330;50000
561;931,208,233;457;50000
562;481,210,302;331;50000
563;327,100,354;260;50000
564;221,914,989;708;50000
565;907,248,643;599;50000
566;541,949,899;796;50000
567;590,141,714;481;50000
568;534,455,607;532;50000
569;666,216,159;347;50000
570;476,281,381;379;50000
571;315,950,502;589;50000
572;693,3,234;310;50000
573;151,385,946;494;50000
574;442,819,723;661;50000
575;750,234,234;406;50000
576;243,566,534;447;50000
577;781,285,879;648;50000
578;350,181,675;402;50000
579;422,432,275;376;50000
580;352,632,147;377;50000
581;27,598,967;530;50000
582;411,89,429;309;50000
583;47,785,327;386;50000
584;902,636,540;692;50000
585;549,351,152;350;50000
586;244,504,215;321;50000
587;995,485,79;519;50000
588;594,768,866;742;50000
589;220,748,605;524;50000
590;548,284,279;370;50000
591;33,379,285;232;50000
592;18,617,504;379;50000
593;194,277,641;370;50000
594;915,532,760;735;50000
595;162,243,225;210;50000
596;577,527,591;565;50000
597;979,165,312;485;50000
598;881,24,502;469;50000
599;252,779,617;549;50000
600;608,692,826;708;50000
601;141,360,406;302;50000
602;33,58,279;123;50000
603;865,531,977;791;50000
604;459,8,320;262;50000
605;897,250,385;510;50000
606;208,867,659;578;50000
607;238,596,703;512;50000
608;308,346,244;299;50000
609;104,567,610;427;50000
610;945,430,336;570;50000
611;369,2,981;450;50000
612;663,754,706;707;50000
613;707,909,712;776;50000
614;195,786,747;576;50000
615;553,67,919;513;50000
616;506,273,471;416;50000
617;350,654,803;602;50000
618;366,500,999;621;50000
619;74,146,91;103;50000
620;347,501,898;582;50000
621;848,518,688;684;50000
622;88,354,59;167;50000
623;679,724,579;660;50000
624;920,13,518;483;50000
625;846,76,40;320;50000
626;693,200,630;507;50000
627;612,214,331;385;50000
628;476,986,408;623;50000
629;645,294,970;636;50000
630;737,310,690;579;50000
631;494,872,942;769;50000
632;694,938,404;678;50000
633;564,4,427;331;50000
634;561,898,751;736;50000
635;692,695,479;622;50000
636;155,103,803;353;50000
637;748,196,875;606;50000
638;700,267,109;358;50000
639;153,736,430;439;50000
640;253,285,386;308;50000
641;890,565,950;801;50000
642;402,677,542;540;50000
643;606,391,828;608;50000
644;614,661,643;639;50000
645;442,343,978;587;50000
646;479,177,453;369;50000
647;80,992,437;503;50000
648;405,556,608;523;50000
649;107,72,260;146;50000
650;950,142,464;518;50000
651;974,9,103;362;50000
652;291,217,63;190;50000
653;538,469,683;563;50000
654;211,972,579;587;50000
655;598,939,554;697;50000
656;668,540,544;584;50000
657;695,689,824;736;50000
658;572,184,525;427;50000
659;497,359,514;456;50000
660;358,128,347;277;50000
661;591,43,874;502;50000
662;438,47,143;209;50000
663;270,905,401;525;50000
664;523,904,594;673;50000
665;531,208,237;325;50000
666;750,11,27;262;50000
667;236,126,580;314;50000
668;365,19,950;444;50000
669;257,961,858;692;50000
670;816,399,168;461;50000
671;111,711,98;306;50000
672;834,436,280;516;50000
673;909,377,187;491;50000
674;556,563,448;522;50000
675;287,770,853;636;50000
676;878,188,807;624;50000
677;137,65,916;372;50000
678;264,929,906;699;50000
679;26,353,885;421;50000
680;851,197,575;541;50000
681;857,977,485;773;50000
682;425,467,624;505;50000
683;768,851,420;679;50000
684;360,144,837;447;50000
685;477,266,883;542;50000
686;990,326,605;640;50000
687;412,534,849;598;50000
688;511,313,946;590;50000
689;398,640,604;547;50000
690;68,557,9;211;50000
691;683,842,630;718;50000
692;954,731,642;775;50000
693;510,355,990;618;50000
694;351,235,320;302;50000
695;257,193,259;236;50000
696;372,267,99;246;50000
697;409,266,126;267;50000
698;703,203,201;369;50000
699;88,582,14;228;50000
700;505,898,17;473;50000
701;776,953,400;709;50000
702;934,800,372;702;50000
703;476,7,78;187;50000
704;60,778,439;425;50000
705;643,568,973;728;50000
706;494,765,985;748;50000
707;202,909,934;681;50000
708;564,697,543;601;50000
709;26,191,488;235;50000
710;329,763,967;686;50000
711;50,193,830;357;50000
712;150,163,238;183;50000
713;357,169,117;214;50000
714;967,222,866;685;50000
715;823,896,136;618;50000
716;570,162,365;365;50000
717;587,211,250;349;50000
718;97,309,213;206;50000
719;619,439,950;669;50000
720;693,301,771;588;50000
721;459,696,947;700;50000
722;923,269,912;701;50000
723;508,171,259;312;50000
724;538,350,406;431;50000
725;87,359,341;262;50000
726;235,674,771;560;50000
727;11,765,648;474;50000
728;304,54,403;253;50000
729;222,522,802;515;50000
730;406,223,778;469;50000
731;852,811,113;592;50000
732;588,324,794;568;50000
733;704,814,794;770;50000
734;870,456,469;598;50000
735;827,622,652;700;50000
736;81,622,242;315;50000
737;431,219,29;226;50000
738;282,331,333;315;50000
739;633,430,867;643;50000
740;866,589,916;790;50000
741;312,722,444;492;50000
742;129,860,457;482;50000
743;658,453,857;656;50000
744;911,632,423;655;50000
745;797,948,953;899;50000
746;245,732,323;433;50000
747;931,234,64;409;50000
748;987,687,893;855;50000
749;795,175,472;480;50000
750;97,778,369;414;50000
751;346,767,968;693;50000
752;103,337,662;367;50000
753;719,349,392;486;50000
754;259,869,161;429;50000
755;694,704,330;576;50000
756;44,294,800;379;50000
757;660,664,227;517;50000
758;742,685,116;514;50000
759;291,324,987;534;50000
760;287,322,246;285;50000
761;893,115,29;345;50000
762;937,842,945;908;50000
763;818,636,548;667;50000
764;325,572,113;336;50000
765;766,521,967;751;50000
766;655,79,306;346;50000
767;902,107,812;607;50000
768;774,364,143;427;50000
769;49,455,258;254;50000
770;705,147,58;303;50000
771;756,393,478;542;50000
772;568,34,387;329;50000
773;594,416,266;425;50000
774;314,542,301;385;50000
775;819,479,562;620;50000
776;81,270,683;344;50000
777;235,777,141;384;50000
778;986,261,738;661;50000
779;682,296,120;366;50000
780;902,869,698;823;50000
781;736,680,922;779;50000
782;556,695,432;561;50000
783;738,842,388;656;50000
784;230,773,162;388;50000
785;790,15,477;427;50000
786;354,461,803;539;50000
787;893,606,637;712;50000
788;233,3,113;116;50000
789;178,280,807;421;50000
790;264,452,47;254;50000
791;693,844,881;806;50000
792;723,416,169;436;50000
793;15,362,165;180;50000
794;392,101,660;384;50000
795;552,27,110;229;50000
796;670,232,800;567;50000
797;468,993,868;776;50000
798;512,818,335;555;50000
799;215,220,494;309;50000
800;586,562,790;646;50000
801;9,432,767;402;50000
802;219,646,857;574;50000
803;722,145,772;546;50000
804;27,417,357;267;50000
805;400,660,43;367;50000
806;87,191,263;180;50000
807;675,301,80;352;50000
808;80,152,417;216;50000
809;80,385,8;157;50000
810;688,527,285;500;50000
811;816,908,27;583;50000
812;782,166,25;324;50000
813;39,756,530;441;50000
814;406,723,520;549;50000
815;539,318,290;382;50000
816;37,130,708;291;50000
817;237,354,208;266;50000
818;623,541,266;476;50000
819;6,758,751;505;50000
820;534,530,967;677;50000
821;558,841,320;573;50000
822;699,771,785;751;50000
823;356,672,255;427;50000
824;392,769,612;591;50000
825;749,128,211;362;50000
826;502,47,966;505;50000
827;440,265,216;307;50000
828;668,842,443;651;50000
829;620,58,563;413;50000
830;236,949,513;566;50000
831;210,603,333;382;50000
832;862,494,559;638;50000
833;286,559,297;380;50000
834;134,800,421;451;50000
835;413,43,503;319;50000
836;328,726,675;576;50000
837;174,149,158;160;50000
838;39,113,424;192;50000
839;923,627,556;702;50000
840;377,38,796;403;50000
841;636,782,219;545;50000
842;972,54,646;557;50000
843;148,871,677;565;50000
844;846,55,815;572;50000
845;310,621,393;441;50000
846;645,262,877;594;50000
847;572,656,149;459;50000
848;334,239,354;309;50000
849;801,284,462;515;50000
850;897,635,112;548;50000
851;1,625,404;343;50000
852;667,273,958;632;50000
853;528,737,141;468;50000
854;819,336,276;477;50000
855;31,94,580;235;50000
856;330,544,485;453;50000
857;569,337,166;357;50000
858;307,29,338;224;50000
859;581,217,308;368;50000
860;776,508,37;440;50000
861;266,278,661;401;50000
862;991,451,817;753;50000
863;368,957,648;657;50000
864;46,237,544;275;50000
865;482,635,72;396;50000
866;655,757,498;636;50000
867;659,645,519;607;50000
868;35,818,907;586;50000
869;451,304,941;565;50000
870;352,114,881;449;50000
871;75,36,215;108;50000
872;797,537,562;632;50000
873;925,621,410;652;50000
874;153,612,41;268;50000
875;677,171,997;615;50000
876;221,626,508;451;50000
877;94,999,472;521;50000
878;887,295,590;590;50000
879;749,972,558;759;50000
880;534,625,763;640;50000
881;655,875,341;623;50000
882;113,825,710;549;50000
883;724,969,714;802;50000
884;797,35,52;294;50000
885;482,609,522;537;50000
886;209,620,738;522;50000
887;99,536,571;402;50000
888;146,793,601;513;50000
889;860,839,361;686;50000
890;319,536,32;295;50000
891;177,71,450;232;50000
892;777,56,925;586;50000
893;503,117,827;482;50000
894;122,26,892;346;50000
895;945,961,656;854;50000
896;917,966,254;712;50000
897;516,862,278;552;50000
898;937,402,673;670;50000
899;60,651,664;458;50000
900;413,778,162;451;50000
901;216,233,709;386;50000
902;219,659,483;453;50000
903;181,719,532;477;50000
904;409,609,463;493;50000
905;460,135,197;264;50000
906;839,710,509;686;50000
907;419,308,965;564;50000
908;154,835,323;437;50000
909;643,818,209;556;50000
910;751,221,850;607;50000
911;864,581,300;581;50000
912;633,752,821;735;50000
913;323,439,467;409;50000
914;65,935,954;651;50000
915;322,82,386;263;50000
916;534,935,144;537;50000
917;707,291,279;425;50000
918;978,792,32;600;50000
919;77,918,177;390;50000
920;424,947,268;546;50000
921;753,238,726;572;50000
922;375,510,441;442;50000
923;216,6,157;126;50000
924;659,588,729;658;50000
925;170,743,695;536;50000
926;157,875,435;489;50000
927;633,202,574;469;50000
928;775,831,947;851;50000
929;154,390,948;497;50000
930;972,273,583;609;50000
931;56,247,340;214;50000
932;558,274,714;515;50000
933;526,666,286;492;50000
934;994,912,89;665;50000
935;885,654,145;561;50000
936;595,841,754;730;50000
937;983,536,252;590;50000
938;433,91,49;191;50000
939;856,263,339;486;50000
940;760,311,472;514;50000
941;597,862,604;687;50000
942;744,931,352;675;50000
943;29,316,527;290;50000
944;713,493,116;440;50000
945;79,148,852;359;50000
946;455,352,634;480;50000
947;506,88,369;321;50000
948;264,14,944;407;50000
949;48,279,247;191;50000
950;701,776,416;631;50000
951;710,7,469;395;50000
952;325,111,441;292;50000
953;842,858,526;742;50000
954;407,69,776;417;50000
955;35,642,940;539;50000
956;797,717,3;505;50000
957;595,362,36;331;50000
958;138,354,238;243;50000
959;159,575,419;384;50000
960;282,906,531;573;50000
961;176,517,611;434;50000
962;721,770,868;786;50000
963;376,403,581;453;50000
964;89,608,340;345;50000
965;10,669,53;244;50000
966;903,768,780;817;50000
967;816,404,372;530;50000
968;191,61,830;360;50000
969;977,957,652;862;50000
970;583,900,401;628;50000
971;205,603,547;451;50000
972;431,891,148;490;50000
973;779,335,607;573;50000
974;36,627,476;379;50000
975;746,463,975;728;50000
976;335,32,579;315;50000
977;957,133,823;637;50000
978;434,755,697;628;50000
979;644,457,944;681;50000
980;134,440,151;241;50000
981;535,646,663;614;50000
982;203,58,53;104;50000
983;610,444,484;512;50000
984;694,660,499;617;50000
985;100,952,946;666;50000
986;450,56,372;292;50000
987;610,756,960;775;50000
988;718,965,539;740;50000
989;461,838,776;691;50000
990;987,291,476;584;50000
991;434,12,514;320;50000
992;33,106,964;367;50000
993;22,84,712;272;50000
994;309,292,898;499;50000
995;372,531,621;508;50000
996;825,514,501;613;50000
997;42,952,837;610;50000
998;258,5,308;190;50000
999;923,831,176;643;50000
special;999,999,999;999;50000
special;0,0,0;0;50000
special;1,999,0;333;50000
special;2,999,1;334;50000
special;997,2,0;333;50000
special;2,997,0;333;50000
